基本

yota@yota:~/Documents/plan$ python3 24_daen.py
startX=-20
startY=-190
h=20
r=10
stride=40
resolution=5
P(x,y)
[[-27.071067811865476, -187.07106781186548], [-30.0, -180.0], [-27.071067811865476, -172.92893218813452], [-20, -170], [-15, -170], [-10, -170], [-5, -170], [0, -170], [5, -170], [10, -170], [15, -170], [20, -170], [27.071067811865476, -172.92893218813452], [30.0, -180.0], [27.071067811865476, -187.07106781186548], [20.0, -190.0]]
P2(x,y)
[[15, -190], [10, -190], [5, -190], [0, -190], [-5, -190], [-10, -190], [-15, -190], [-20, -190]]
P_all(x,y)
[[-27.071067811865476, -187.07106781186548], [-30.0, -180.0], [-27.071067811865476, -172.92893218813452], [-20, -170], [-15, -170], [-10, -170], [-5, -170], [0, -170], [5, -170], [10, -170], [15, -170], [20, -170], [27.071067811865476, -172.92893218813452], [30.0, -180.0], [27.071067811865476, -187.07106781186548], [20.0, -190.0], [15, -190], [10, -190], [5, -190], [0, -190], [-5, -190], [-10, -190], [-15, -190], [-20, -190]]
foot(ang1,ang2)
[[-42, 66], [-47, 72], [-49, 78], [-49, 81], [-47, 81], [-46, 82], [-44, 82], [-43, 82], [-41, 82], [-39, 82], [-37, 81], [-36, 81], [-32, 78], [-28, 72], [-26, 66], [-27, 64]]
foot2(ang1,ang2)
[[-29, 64], [-31, 65], [-32, 65], [-34, 65], [-35, 65], [-37, 65], [-38, 64], [-39, 64]]
foot_all(ang1,ang2)
[[-42, 66], [-47, 72], [-49, 78], [-49, 81], [-47, 81], [-46, 82], [-44, 82], [-43, 82], [-41, 82], [-39, 82], [-37, 81], [-36, 81], [-32, 78], [-28, 72], [-26, 66], [-27, 64], [-29, 64], [-31, 65], [-32, 65], [-34, 65], [-35, 65], [-37, 65], [-38, 64], [-39, 64]]

h30
[[-44, 67], [-50, 75], [-54, 84], [-53, 88], [-52, 89], [-50, 89], [-48, 89], [-47, 89], [-45, 89], [-43, 89], [-41, 89], [-39, 88], [-33, 84], [-28, 75], [-25, 67], [-27, 64], [-29, 64], [-31, 65], [-32, 65], [-34, 65], [-35, 65], [-37, 65], [-38, 64], [-39, 64]]

h40
[[-46, 67], [-54, 78], [-59, 90], [-58, 96], [-56, 96], [-54, 96], [-52, 96], [-50, 96], [-49, 96], [-47, 96], [-45, 96], [-42, 96], [-35, 90], [-28, 78], [-25, 67], [-27, 64], [-29, 64], [-31, 65], [-32, 65], [-34, 65], [-35, 65], [-37, 65], [-38, 64], [-39, 64]]


s20
[[-42, 66], [-47, 72], [-49, 78], [-49, 81], [-47, 81], [-46, 82], [-44, 82], [-43, 82], [-39, 79], [-35, 74], [-33, 67], [-34, 65], [-35, 65], [-37, 65], [-38, 64], [-39, 64]]
